Reaccion	CD_Rectum	Not_IBD_Rectum	CD_Illeum	Not_IBD_Illeum
R00005	78.37837838	84.87394958	78.0876494	82.02247191
R00006	100	100	100	100
R00009	100	100	100	100
R00010	87.02702703	92.43697479	90.83665339	89.3258427
R00013	100	100	99.60159363	100
R00014	100	100	100	100
R00019	100	100	99.20318725	100
R00021	100	100	100	100
R00022	100	100	100	100
R00024	96.21621622	89.91596639	95.61752988	88.20224719
R00025	99.45945946	98.31932773	99.60159363	98.87640449
R00026	100	100	100	100
R00028	100	100	100	100
R00036	100	100	100	100
R00066	100	100	100	100
R00078	100	100	100	100
R00081	76.75675676	72.26890756	79.28286853	73.59550562
R00084	100	100	100	100
R00086	100	100	100	100
R00089	100	100	100	100
R00093	100	100	100	100
R00094	99.45945946	98.31932773	99.20318725	98.31460674
R00103	100	100	100	100
R00104	100	100	100	100
R00112	99.45945946	100	100	99.43820225
R00114	100	100	100	100
R00115	99.45945946	98.31932773	99.20318725	98.31460674
R00124	100	100	100	100
R00125	100	100	99.60159363	100
R00127	100	100	100	100
R00130	100	100	100	100
R00131	100	100	100	100
R00132	100	100	100	100
R00135	98.91891892	99.15966387	100	100
R00137	100	100	100	100
R00139	100	100	100	100
R00150	100	100	100	100
R00156	100	100	100	100
R00158	100	100	100	100
R00161	100	100	100	100
R00174	100	100	100	100
R00177	100	100	100	100
R00178	100	100	100	100
R00182	100	100	100	100
R00183	100	100	100	100
R00185	93.51351351	93.27731092	92.82868526	93.82022472
R00188	100	100	100	100
R00189	100	96.63865546	100	99.43820225
R00190	100	100	100	100
R00191	100	97.4789916	98.00796813	96.62921348
R00192	100	100	100	100
R00194	100	100	100	100
R00196	94.59459459	83.19327731	92.82868526	89.3258427
R00197	90.27027027	95.79831933	90.03984064	92.13483146
R00199	100	100	100	100
R00200	100	100	100	100
R00203	100	100	100	100
R00206	100	100	100	100
R00207	38.37837838	41.17647059	61.35458167	52.24719101
R00212	100	100	100	100
R00214	100	100	100	100
R00215	100	100	100	100
R00216	100	100	100	100
R00217	100	100	100	100
R00220	100	100	100	100
R00221	100	100	100	100
R00226	100	100	100	100
R00227	100	99.15966387	99.60159363	98.87640449
R00228	100	100	100	100
R00229	77.83783784	93.27731092	84.06374502	97.19101124
R00230	100	100	100	100
R00235	100	100	100	100
R00236	100	100	100	100
R00238	100	100	100	100
R00239	100	100	100	100
R00243	100	99.15966387	100	99.43820225
R00245	100	100	100	100
R00248	100	100	100	100
R00253	100	100	100	100
R00256	100	100	100	100
R00257	100	100	100	100
R00258	100	100	100	100
R00259	100	100	100	100
R00260	100	100	100	100
R00261	100	100	100	100
R00262	97.2972973	91.59663866	98.00796813	97.19101124
R00264	100	100	100	100
R00267	100	100	100	100
R00268	100	100	100	100
R00269	100	100	100	100
R00271	91.89189189	90.75630252	91.23505976	97.75280899
R00274	100	100	100	100
R00277	100	100	100	100
R00278	100	100	100	100
R00286	100	100	100	100
R00289	100	100	100	100
R00291	100	100	100	100
R00294	98.37837838	91.59663866	97.60956175	96.62921348
R00299	100	100	100	100
R00308	79.45945946	85.71428571	78.0876494	88.20224719
R00310	100	100	100	100
R00315	100	100	100	100
R00316	100	100	100	100
R00317	100	100	100	100
R00330	100	100	100	100
R00332	100	100	100	100
R00336	100	100	100	100
R00339	100	100	100	100
R00341	100	100	100	100
R00342	100	100	100	100
R00344	100	100	100	100
R00345	100	100	100	99.43820225
R00351	100	100	100	100
R00355	100	100	100	100
R00357	100	100	100	100
R00360	94.05405405	94.95798319	96.812749	94.94382022
R00361	94.05405405	94.95798319	96.812749	94.94382022
R00362	100	100	100	100
R00369	60	54.62184874	66.13545817	58.42696629
R00371	100	100	100	100
R00372	60	54.62184874	66.13545817	58.42696629
R00375	100	100	100	100
R00376	100	100	100	100
R00377	100	100	100	100
R00378	100	100	100	100
R00381	100	100	100	100
R00382	100	100	100	100
R00396	100	100	100	100
R00397	99.45945946	100	99.20318725	100
R00401	100	100	100	100
R00405	100	100	100	100
R00410	100	100	98.80478088	100
R00416	100	100	100	100
R00420	100	100	100	100
R00421	53.51351351	47.05882353	56.1752988	44.38202247
R00425	100	100	100	100
R00426	100	100	100	100
R00428	100	100	100	100
R00429	100	100	100	100
R00430	100	100	100	100
R00431	93.51351351	98.31932773	94.82071713	100
R00434	100	100	100	100
R00435	100	100	100	100
R00437	100	100	100	100
R00438	100	100	100	100
R00439	100	100	100	100
R00440	100	100	100	100
R00441	100	100	100	100
R00442	100	100	100	100
R00443	100	100	100	100
R00451	100	100	100	100
R00461	100	100	100	100
R00462	100	100	100	100
R00465	89.72972973	88.23529412	91.23505976	92.13483146
R00470	100	100	100	100
R00472	93.51351351	88.23529412	93.62549801	92.69662921
R00475	100	100	100	100
R00479	91.89189189	84.87394958	91.63346614	89.88764045
R00480	100	100	100	100
R00481	100	100	100	100
R00483	100	100	100	100
R00485	100	100	100	100
R00489	100	100	100	100
R00490	100	100	100	100
R00491	100	100	100	100
R00494	100	100	100	100
R00497	95.67567568	89.91596639	94.82071713	91.01123596
R00505	100	100	100	100
R00508	100	100	100	100
R00509	100	100	100	100
R00511	100	100	100	100
R00512	100	100	100	100
R00513	100	100	100	100
R00516	100	100	100	100
R00517	100	100	100	100
R00519	100	100	100	100
R00524	69.72972973	73.94957983	71.71314741	70.78651685
R00527	96.21621622	89.91596639	94.02390438	92.69662921
R00529	100	100	100	100
R00540	97.83783784	100	97.60956175	100
R00548	100	100	100	100
R00549	100	100	100	100
R00551	99.45945946	100	98.80478088	100
R00552	100	100	100	98.87640449
R00565	34.05405405	32.77310924	21.11553785	23.03370787
R00566	100	100	100	100
R00568	100	100	100	100
R00570	100	100	100	100
R00571	100	100	100	100
R00573	100	100	100	100
R00575	100	100	100	100
R00578	100	100	100	100
R00582	100	100	100	100
R00585	60	54.62184874	66.13545817	58.42696629
R00586	100	100	100	100
R00588	60	54.62184874	66.13545817	58.42696629
R00590	100	100	100	100
R00597	100	100	100	100
R00602	100	100	100	100
R00610	96.75675676	99.15966387	97.21115538	100
R00615	100	100	100	100
R00617	100	100	100	100
R00619	100	100	100	100
R00621	100	98.31932773	99.60159363	98.87640449
R00623	100	100	100	100
R00631	100	100	100	100
R00650	100	99.15966387	100	100
R00654	97.2972973	97.4789916	98.80478088	97.19101124
R00658	100	100	100	100
R00660	100	100	100	100
R00661	94.05405405	100	96.01593625	100
R00667	98.37837838	99.15966387	97.21115538	97.75280899
R00669	100	100	100	100
R00670	100	100	100	100
R00671	100	100	100	100
R00673	100	100	100	100
R00674	100	100	100	100
R00691	100	100	100	100
R00694	100	100	100	100
R00698	94.05405405	97.4789916	96.41434263	95.50561798
R00703	100	100	100	100
R00704	100	100	100	100
R00705	100	100	100	100
R00706	100	100	100	100
R00707	100	100	100	100
R00708	100	100	100	100
R00709	98.37837838	100	97.60956175	100
R00710	100	100	100	100
R00713	100	100	100	100
R00714	100	100	100	100
R00715	100	100	100	100
R00717	100	100	100	100
R00720	100	100	100	100
R00722	100	100	100	100
R00726	93.51351351	98.31932773	94.82071713	100
R00728	96.75675676	97.4789916	97.21115538	97.19101124
R00734	100	100	100	100
R00742	100	100	100	100
R00746	93.51351351	100	95.61752988	99.43820225
R00747	100	100	100	100
R00749	100	100	100	100
R00750	100	100	100	100
R00751	100	100	100	100
R00754	100	100	100	100
R00756	100	100	100	100
R00760	100	100	100	100
R00761	85.94594595	92.43697479	88.44621514	91.01123596
R00762	100	100	100	100
R00764	99.45945946	98.31932773	99.60159363	98.87640449
R00765	100	100	100	100
R00768	100	100	100	100
R00774	89.72972973	97.4789916	88.84462151	97.75280899
R00782	100	100	100	100
R00787	90.81081081	84.87394958	92.43027888	90.4494382
R00790	98.37837838	100	99.60159363	99.43820225
R00798	100	100	100	100
R00801	100	100	100	100
R00802	100	100	100	100
R00803	99.45945946	100	100	100
R00804	84.32432432	74.78991597	88.04780876	83.14606742
R00805	100	100	100	100
R00811	100	100	100	100
R00816	76.75675676	75.6302521	83.66533865	82.02247191
R00821	35.67567568	36.97478992	38.24701195	52.80898876
R00829	99.45945946	99.15966387	100	98.87640449
R00832	89.18918919	89.07563025	91.63346614	89.3258427
R00833	100	100	100	100
R00835	100	100	100	100
R00837	100	100	100	100
R00838	99.45945946	100	100	100
R00839	100	100	100	100
R00842	100	100	100	100
R00844	100	100	100	100
R00846	25.40540541	31.09243697	33.46613546	32.02247191
R00847	100	100	100	100
R00848	100	100	100	100
R00851	100	100	100	100
R00856	100	100	100	100
R00858	100	100	100	100
R00860	96.21621622	100	97.60956175	100
R00863	99.45945946	100	99.20318725	100
R00867	100	100	100	100
R00868	99.45945946	98.31932773	98.4063745	98.31460674
R00875	100	100	100	100
R00878	100	100	100	100
R00879	82.7027027	90.75630252	80.07968127	95.50561798
R00885	100	100	100	100
R00888	100	100	100	100
R00891	68.10810811	83.19327731	74.10358566	78.65168539
R00894	100	100	100	100
R00896	100	100	100	100
R00897	100	100	100	100
R00899	100	100	100	100
R00904	100	100	100	100
R00905	100	100	100	100
R00908	100	100	100	100
R00920	77.83783784	93.27731092	84.06374502	97.19101124
R00921	100	100	100	100
R00922	100	100	100	100
R00926	100	100	100	100
R00927	99.45945946	99.15966387	100	98.87640449
R00928	100	100	99.60159363	100
R00931	99.45945946	100	99.60159363	100
R00935	100	100	100	100
R00936	100	100	100	100
R00937	100	100	100	100
R00939	100	100	100	100
R00940	100	100	100	100
R00942	100	100	100	100
R00943	100	100	100	100
R00944	100	100	100	100
R00945	100	100	100	100
R00946	100	100	100	100
R00948	100	100	100	100
R00952	89.72972973	99.15966387	91.23505976	100
R00955	100	100	100	100
R00956	100	100	99.20318725	100
R00959	100	100	100	100
R00962	100	100	100	100
R00963	100	100	100	100
R00964	100	100	100	100
R00965	100	100	100	100
R00966	100	100	100	100
R00967	100	100	100	100
R00968	100	100	100	100
R00970	100	100	100	100
R00974	100	100	100	100
R00985	100	100	100	100
R00986	100	100	100	100
R00988	100	100	100	100
R00994	100	100	100	100
R00996	100	100	100	100
R00999	100	100	100	100
R01000	100	100	100	100
R01001	91.35135135	87.39495798	88.04780876	93.25842697
R01009	100	100	100	100
R01011	100	100	100	100
R01015	100	100	100	100
R01016	100	100	100	100
R01025	94.05405405	92.43697479	94.82071713	95.50561798
R01030	100	100	100	100
R01034	100	100	100	100
R01041	93.51351351	100	96.01593625	99.43820225
R01047	89.72972973	95.79831933	92.03187251	95.50561798
R01049	100	100	100	100
R01051	100	100	100	100
R01054	100	100	100	100
R01056	100	100	100	100
R01057	100	100	100	100
R01058	64.32432432	78.1512605	69.72111554	83.70786517
R01059	98.91891892	100	98.80478088	100
R01061	100	100	100	100
R01064	87.02702703	78.99159664	85.25896414	81.46067416
R01066	100	100	100	100
R01067	100	100	100	100
R01068	100	100	100	100
R01069	100	100	100	100
R01070	100	100	100	100
R01071	100	100	100	100
R01072	100	100	100	100
R01073	100	100	100	100
R01074	100	100	100	100
R01078	100	100	100	100
R01082	100	100	100	100
R01083	100	100	100	100
R01086	100	100	100	100
R01087	94.59459459	99.15966387	93.22709163	99.43820225
R01088	47.56756757	59.66386555	57.37051793	58.98876404
R01090	100	100	100	100
R01092	100	100	100	100
R01101	100	100	100	100
R01103	100	100	100	100
R01104	100	100	100	100
R01105	100	100	100	100
R01106	100	100	100	100
R01117	100	100	100	100
R01121	81.62162162	79.83193277	86.45418327	88.76404494
R01122	100	100	100	100
R01123	99.45945946	100	100	100
R01126	100	100	100	100
R01127	100	100	100	100
R01130	100	100	100	100
R01132	100	100	100	100
R01134	100	100	100	100
R01135	100	100	100	100
R01137	100	100	100	100
R01138	100	100	100	100
R01148	100	100	100	100
R01150	100	100	100	100
R01152	100	100	100	100
R01154	100	100	100	100
R01155	87.56756757	91.59663866	90.43824701	84.26966292
R01157	100	100	100	100
R01158	100	100	100	100
R01163	100	100	100	100
R01167	82.16216216	80.67226891	83.66533865	85.39325843
R01168	100	100	100	100
R01172	100	100	100	100
R01174	99.45945946	100	99.60159363	100
R01175	100	100	100	100
R01177	100	100	100	100
R01178	100	100	100	100
R01179	98.91891892	100	98.80478088	97.75280899
R01183	100	100	100	100
R01185	100	100	100	100
R01186	100	100	100	100
R01187	100	100	100	100
R01194	100	100	100	100
R01196	100	100	100	100
R01197	100	100	100	100
R01199	97.83783784	100	98.80478088	100
R01206	100	100	100	100
R01207	99.45945946	100	99.20318725	100
R01209	100	100	100	100
R01213	100	100	100	100
R01214	100	100	100	100
R01215	100	100	100	100
R01220	100	100	100	100
R01221	100	100	100	100
R01224	100	100	100	100
R01226	100	100	100	100
R01227	100	100	100	100
R01229	100	100	100	100
R01230	100	100	100	100
R01231	100	100	100	100
R01238	100	100	100	100
R01244	100	100	100	100
R01245	100	100	100	100
R01248	100	100	100	100
R01251	100	100	100	100
R01253	100	100	100	100
R01255	92.43243243	97.4789916	92.43027888	98.87640449
R01257	94.05405405	94.95798319	96.812749	94.94382022
R01262	100	100	100	100
R01268	100	100	100	100
R01273	100	100	100	100
R01279	91.35135135	88.23529412	91.23505976	91.57303371
R01280	100	100	100	100
R01286	100	100	100	100
R01287	100	100	100	100
R01288	100	100	100	100
R01290	68.10810811	83.19327731	74.10358566	78.65168539
R01291	100	100	100	100
R01301	90.81081081	86.55462185	87.64940239	87.07865169
R01302	95.13513514	85.71428571	93.62549801	88.76404494
R01312	44.86486486	43.69747899	54.58167331	52.80898876
R01315	99.45945946	99.15966387	99.60159363	99.43820225
R01316	99.45945946	99.15966387	99.60159363	99.43820225
R01317	99.45945946	99.15966387	99.60159363	99.43820225
R01324	100	100	100	100
R01325	100	100	100	100
R01326	96.21621622	99.15966387	96.41434263	98.87640449
R01329	100	100	100	100
R01332	98.37837838	99.15966387	97.21115538	99.43820225
R01333	100	100	100	100
R01334	100	100	100	100
R01353	100	100	100	100
R01354	100	100	100	100
R01359	98.91891892	100	98.80478088	97.75280899
R01360	94.05405405	93.27731092	94.02390438	94.94382022
R01361	67.56756757	59.66386555	71.71314741	62.35955056
R01365	98.91891892	100	98.80478088	97.75280899
R01373	100	100	100	100
R01374	95.67567568	94.11764706	96.01593625	95.50561798
R01388	100	100	100	100
R01392	100	100	100	100
R01394	100	100	99.60159363	100
R01395	100	100	100	100
R01397	100	100	100	100
R01398	100	100	100	100
R01401	100	100	100	100
R01402	100	100	100	100
R01404	100	100	100	100
R01406	98.91891892	97.4789916	99.20318725	97.75280899
R01411	100	100	100	100
R01416	99.45945946	100	98.80478088	100
R01421	100	100	100	100
R01424	100	100	100	100
R01432	100	100	100	100
R01433	100	100	99.60159363	100
R01434	47.56756757	59.66386555	57.37051793	58.98876404
R01446	100	100	100	100
R01449	100	100	99.60159363	100
R01465	100	100	99.60159363	100
R01466	100	100	100	100
R01470	100	100	100	100
R01478	100	100	100	100
R01481	93.51351351	100	95.61752988	99.43820225
R01482	100	100	100	100
R01492	100	100	100	100
R01498	100	100	100	100
R01505	84.86486486	77.31092437	84.86055777	77.52808989
R01512	100	100	100	100
R01513	100	100	100	100
R01515	100	100	100	100
R01518	100	100	100	100
R01519	62.7027027	63.02521008	66.13545817	65.16853933
R01520	95.67567568	100	93.62549801	100
R01521	95.67567568	100	93.62549801	100
R01523	88.64864865	79.83193277	85.25896414	83.14606742
R01526	100	100	99.60159363	98.87640449
R01528	100	100	100	100
R01529	100	100	100	100
R01530	100	100	100	100
R01540	100	100	100	100
R01541	100	100	100	100
R01542	100	100	100	100
R01547	100	100	100	100
R01548	100	100	100	100
R01549	100	100	100	100
R01555	100	99.15966387	99.60159363	100
R01557	99.45945946	100	98.4063745	100
R01560	100	100	100	100
R01561	100	100	100	100
R01562	100	100	100	100
R01567	100	100	100	100
R01569	100	100	100	100
R01570	100	100	100	100
R01579	100	100	100	100
R01582	100	100	100	100
R01600	100	100	100	100
R01602	100	100	100	100
R01621	85.94594595	92.43697479	88.44621514	91.01123596
R01624	42.7027027	70.58823529	54.18326693	69.66292135
R01625	100	100	100	100
R01626	100	100	100	100
R01639	100	100	100	100
R01641	100	100	100	100
R01644	86.48648649	89.07563025	88.84462151	88.20224719
R01645	100	100	100	100
R01647	100	100	100	100
R01648	100	100	100	100
R01655	100	100	100	100
R01658	100	100	100	100
R01663	100	100	100	100
R01664	100	100	100	100
R01665	100	100	100	100
R01676	100	100	100	100
R01677	100	100	100	100
R01678	100	100	100	100
R01682	100	100	100	100
R01687	100	100	100	100
R01688	99.45945946	100	99.60159363	100
R01698	100	100	100	100
R01699	100	100	100	100
R01710	100	100	100	100
R01711	100	100	100	100
R01714	100	100	100	100
R01715	100	100	100	100
R01716	100	100	100	100
R01717	100	100	100	100
R01718	100	100	99.60159363	100
R01724	100	100	100	100
R01728	100	100	100	100
R01731	100	100	100	100
R01736	100	100	100	100
R01737	95.67567568	97.4789916	98.00796813	98.31460674
R01739	87.56756757	79.83193277	84.86055777	82.58426966
R01745	100	100	100	100
R01747	100	100	100	100
R01751	100	100	100	100
R01752	100	100	100	100
R01761	100	100	100	100
R01762	100	100	100	100
R01768	100	100	100	100
R01770	100	100	100	100
R01771	100	100	100	100
R01773	100	100	100	100
R01775	100	100	100	100
R01776	98.37837838	94.95798319	100	97.75280899
R01777	100	100	100	100
R01781	100	100	100	100
R01785	100	100	100	100
R01786	100	100	100	100
R01791	100	100	99.60159363	100
R01799	100	100	100	100
R01800	100	100	100	100
R01801	100	100	100	100
R01804	100	100	100	100
R01811	100	100	100	100
R01818	100	100	100	100
R01819	100	100	100	100
R01823	98.37837838	100	98.80478088	100
R01824	52.43243243	36.97478992	55.37848606	42.13483146
R01826	100	100	100	100
R01827	100	100	100	100
R01829	100	100	100	100
R01830	100	100	100	100
R01837	99.45945946	99.15966387	98.00796813	99.43820225
R01844	89.18918919	97.4789916	91.23505976	100
R01855	100	100	100	100
R01856	100	100	100	100
R01857	100	100	100	100
R01858	100	100	100	100
R01859	100	100	100	100
R01863	100	100	100	100
R01867	100	100	100	100
R01870	100	100	100	100
R01872	95.67567568	96.63865546	94.82071713	94.94382022
R01874	100	100	100	100
R01876	100	100	100	100
R01877	100	100	100	100
R01878	100	100	100	100
R01880	100	100	100	100
R01884	100	100	100	100
R01887	97.83783784	100	97.60956175	100
R01890	98.37837838	100	97.60956175	99.43820225
R01896	100	100	100	100
R01899	100	100	100	100
R01900	100	100	100	100
R01901	100	100	100	100
R01902	100	100	100	100
R01908	75.67567568	87.39495798	83.26693227	86.51685393
R01909	100	100	100	100
R01917	100	100	100	100
R01920	100	100	100	100
R01931	100	100	100	100
R01933	100	98.31932773	99.60159363	98.87640449
R01940	100	98.31932773	99.60159363	98.87640449
R01942	91.35135135	87.39495798	88.44621514	91.57303371
R01954	100	100	100	100
R01959	100	100	100	100
R01961	96.21621622	99.15966387	96.41434263	98.87640449
R01967	84.86486486	80.67226891	90.03984064	91.01123596
R01968	100	100	100	100
R01969	100	100	100	100
R01975	97.2972973	97.4789916	98.4063745	98.87640449
R01976	100	100	100	100
R01978	80	77.31092437	84.86055777	87.07865169
R01983	100	100	100	100
R01986	100	100	100	100
R01989	34.05405405	32.77310924	21.11553785	23.03370787
R01993	100	100	100	100
R02000	100	100	99.60159363	99.43820225
R02003	100	100	100	100
R02014	100	100	100	100
R02016	100	100	100	100
R02017	100	100	100	100
R02018	100	100	100	100
R02019	100	100	100	100
R02020	100	100	100	100
R02021	100	100	99.60159363	100
R02022	100	100	100	100
R02023	100	100	100	100
R02024	100	100	100	100
R02027	44.86486486	43.69747899	54.58167331	52.80898876
R02029	100	100	100	100
R02035	100	100	100	100
R02036	91.89189189	85.71428571	91.63346614	88.76404494
R02052	44.86486486	43.69747899	54.58167331	52.80898876
R02053	99.45945946	99.15966387	99.60159363	99.43820225
R02054	99.45945946	99.15966387	99.60159363	99.43820225
R02055	100	100	100	100
R02059	100	100	100	100
R02060	100	100	100	100
R02061	100	100	100	100
R02065	87.56756757	75.6302521	84.46215139	72.47191011
R02071	100	100	100	100
R02073	99.45945946	98.31932773	99.60159363	98.87640449
R02081	82.7027027	81.51260504	87.64940239	89.88764045
R02087	100	100	100	100
R02088	100	100	100	100
R02090	100	100	100	100
R02091	100	100	100	100
R02093	100	100	100	100
R02094	100	100	100	100
R02096	100	100	100	100
R02097	100	100	100	100
R02098	100	100	100	100
R02099	100	100	100	100
R02100	100	100	100	100
R02101	100	100	100	100
R02102	100	100	100	100
R02103	100	100	100	100
R02108	100	100	100	100
R02110	100	100	100	100
R02111	100	100	100	100
R02112	100	100	100	100
R02120	15.13513514	27.73109244	23.10756972	22.47191011
R02124	100	100	100	100
R02133	100	100	100	100
R02135	100	100	100	100
R02137	97.2972973	100	98.00796813	98.87640449
R02142	100	100	100	100
R02143	100	100	100	100
R02147	100	100	100	100
R02148	100	100	100	100
R02164	100	100	100	100
R02166	100	100	100	100
R02173	72.97297297	85.71428571	72.11155378	87.64044944
R02187	65.94594595	79.83193277	73.30677291	84.26966292
R02189	65.94594595	79.83193277	73.30677291	84.26966292
R02192	100	100	98.4063745	100
R02196	47.56756757	59.66386555	57.37051793	58.98876404
R02199	100	100	100	100
R02208	97.2972973	99.15966387	98.4063745	98.31460674
R02216	99.45945946	99.15966387	98.00796813	99.43820225
R02222	63.78378378	68.06722689	67.72908367	66.85393258
R02235	100	100	100	100
R02236	100	100	100	100
R02237	100	100	100	100
R02240	100	100	100	100
R02241	100	100	100	100
R02245	81.62162162	80.67226891	86.45418327	89.3258427
R02250	100	100	99.20318725	100
R02252	97.83783784	100	96.41434263	99.43820225
R02257	100	100	100	100
R02262	100	100	100	100
R02263	100	100	100	100
R02269	100	100	100	100
R02272	100	100	100	100
R02282	100	100	100	100
R02283	100	100	100	100
R02285	96.21621622	89.07563025	96.01593625	89.3258427
R02287	99.45945946	100	100	100
R02288	100	100	100	100
R02291	100	100	100	100
R02294	100	100	100	100
R02295	100	100	100	100
R02296	100	100	100	100
R02297	100	100	100	100
R02300	100	100	100	100
R02301	100	100	100	100
R02302	97.83783784	99.15966387	98.4063745	98.87640449
R02320	100	100	100	100
R02322	100	100	100	100
R02323	100	100	100	100
R02324	99.45945946	100	100	99.43820225
R02325	100	100	100	100
R02326	100	100	100	100
R02327	100	100	100	100
R02328	100	100	100	100
R02331	100	100	100	100
R02332	100	100	100	100
R02334	100	100	100	100
R02340	100	100	100	100
R02361	99.45945946	99.15966387	99.20318725	100
R02362	100	100	100	100
R02370	100	100	100	100
R02371	100	100	100	100
R02372	100	100	100	100
R02376	99.45945946	98.31932773	99.60159363	97.19101124
R02377	100	100	100	100
R02382	91.35135135	94.11764706	89.64143426	92.69662921
R02401	100	100	100	100
R02404	100	100	100	100
R02408	100	100	100	100
R02410	100	100	100	100
R02412	100	100	100	100
R02413	100	100	100	100
R02421	100	100	100	100
R02423	100	100	100	100
R02425	99.45945946	100	98.00796813	100
R02426	98.91891892	100	99.20318725	100
R02433	100	100	100	100
R02437	100	100	100	100
R02439	100	100	99.60159363	98.87640449
R02454	100	100	100	100
R02459	100	100	100	100
R02466	100	100	100	100
R02472	100	100	100	100
R02473	100	100	100	100
R02484	100	100	100	100
R02485	100	100	100	100
R02487	56.75675676	49.57983193	64.94023904	57.30337079
R02488	56.75675676	49.57983193	64.94023904	57.30337079
R02493	100	100	100	100
R02497	97.2972973	99.15966387	98.4063745	98.31460674
R02499	99.45945946	99.15966387	98.00796813	99.43820225
R02508	100	100	100	100
R02527	89.72972973	88.23529412	91.23505976	92.13483146
R02528	100	100	100	100
R02529	91.35135135	94.11764706	89.64143426	92.69662921
R02530	100	100	100	100
R02532	72.97297297	85.71428571	72.11155378	87.64044944
R02539	100	100	100	100
R02540	100	100	100	100
R02545	100	100	100	100
R02549	100	100	100	100
R02555	100	100	100	100
R02556	100	100	100	100
R02557	100	100	100	100
R02558	100	100	100	100
R02565	100	100	100	100
R02566	100	100	100	100
R02568	100	100	100	100
R02569	100	100	100	100
R02570	100	100	100	100
R02571	100	100	100	100
R02590	98.37837838	100	97.60956175	99.43820225
R02596	94.05405405	97.4789916	96.41434263	95.50561798
R02613	91.35135135	94.11764706	89.64143426	92.69662921
R02619	100	100	100	100
R02630	100	100	100	100
R02631	99.45945946	100	100	100
R02637	100	100	100	100
R02639	100	100	100	100
R02649	100	100	100	100
R02656	92.97297297	94.95798319	93.22709163	96.06741573
R02661	100	100	100	100
R02670	100	100	100	100
R02671	100	100	100	100
R02678	100	100	100	100
R02687	100	100	99.20318725	100
R02689	100	100	100	100
R02698	100	99.15966387	100	98.87640449
R02703	99.45945946	100	100	100
R02704	99.45945946	100	100	100
R02705	95.67567568	88.23529412	95.61752988	89.88764045
R02718	86.48648649	83.19327731	87.64940239	88.20224719
R02719	100	100	100	100
R02720	100	100	100	100
R02722	100	100	100	100
R02728	100	100	100	100
R02733	47.56756757	53.78151261	61.35458167	62.35955056
R02734	100	100	100	100
R02735	100	100	100	100
R02736	100	100	100	100
R02737	100	100	100	100
R02738	100	100	100	100
R02739	100	100	100	100
R02740	100	100	100	100
R02748	100	100	100	100
R02749	100	100	100	100
R02750	100	100	100	100
R02752	100	100	100	100
R02754	98.37837838	99.15966387	98.80478088	97.19101124
R02755	100	100	100	100
R02765	96.75675676	99.15966387	96.01593625	99.43820225
R02777	100	100	100	100
R02778	92.43243243	84.03361345	90.43824701	86.51685393
R02780	100	100	100	100
R02782	100	100	100	100
R02783	100	100	100	100
R02786	43.24324324	48.7394958	57.37051793	55.61797753
R02788	100	100	100	100
R02797	100	100	100	100
R02806	29.72972973	31.09243697	43.8247012	47.75280899
R02825	82.16216216	92.43697479	83.26693227	97.19101124
R02833	11.89189189	8.403361345	14.34262948	14.60674157
R02840	99.45945946	99.15966387	98.00796813	99.43820225
R02851	100	100	100	100
R02855	96.75675676	89.07563025	94.02390438	85.39325843
R02864	100	100	100	100
R02869	100	100	100	100
R02886	59.45945946	66.38655462	64.54183267	73.03370787
R02887	100	100	100	100
R02889	100	100	99.60159363	99.43820225
R02908	72.97297297	85.71428571	72.11155378	87.64044944
R02912	100	100	100	100
R02914	100	100	100	100
R02918	100	100	100	100
R02919	72.97297297	85.71428571	72.11155378	87.64044944
R02922	100	100	100	100
R02924	100	100	100	100
R02926	100	100	100	100
R02933	62.7027027	63.02521008	66.13545817	65.16853933
R02935	95.67567568	95.79831933	96.812749	97.75280899
R02936	95.67567568	95.79831933	96.812749	97.75280899
R02940	100	100	100	100
R02946	96.75675676	89.07563025	94.02390438	85.39325843
R02948	98.91891892	99.15966387	98.4063745	97.19101124
R02952	100	100	100	100
R02957	100	100	100	100
R02964	100	98.31932773	99.60159363	98.31460674
R02971	100	100	100	100
R02984	100	100	100	100
R02985	100	100	100	100
R02991	62.16216216	52.94117647	62.15139442	52.80898876
R03004	100	100	100	100
R03005	100	100	100	100
R03012	100	100	100	100
R03013	100	100	100	100
R03014	100	100	100	100
R03015	93.51351351	99.15966387	95.61752988	99.43820225
R03018	100	100	100	100
R03024	99.45945946	100	100	100
R03025	87.56756757	96.63865546	88.04780876	98.31460674
R03026	100	100	100	100
R03028	98.91891892	100	99.60159363	100
R03031	98.91891892	100	98.80478088	100
R03033	100	100	100	100
R03035	100	100	100	100
R03038	100	100	100	100
R03045	100	100	100	100
R03050	100	100	100	100
R03051	100	100	100	100
R03055	100	100	100	100
R03062	98.37837838	99.15966387	98.80478088	100
R03066	100	100	100	100
R03067	100	100	100	100
R03083	100	100	100	100
R03084	100	100	100	100
R03093	97.83783784	100	97.60956175	100
R03096	100	100	100	100
R03104	100	100	100	100
R03105	100	100	100	100
R03106	100	100	100	100
R03115	77.83783784	85.71428571	76.4940239	86.51685393
R03119	97.83783784	100	98.4063745	99.43820225
R03132	99.45945946	100	100	98.87640449
R03140	96.21621622	89.91596639	95.61752988	88.20224719
R03145	100	100	100	100
R03161	94.59459459	100	96.812749	100
R03163	100	100	100	100
R03165	100	100	100	100
R03172	100	100	100	100
R03180	100	100	100	100
R03182	100	100	100	100
R03189	99.45945946	100	100	100
R03191	100	100	100	100
R03192	100	100	100	100
R03193	100	100	100	100
R03194	100	100	100	100
R03197	100	100	100	100
R03209	88.64864865	82.35294118	90.43824701	84.26966292
R03210	100	100	100	100
R03217	100	100	100	100
R03220	95.67567568	92.43697479	96.01593625	91.57303371
R03222	100	97.4789916	100	99.43820225
R03223	100	100	100	100
R03231	100	100	100	100
R03232	100	100	100	100
R03236	100	100	100	100
R03237	100	100	100	100
R03238	100	100	100	100
R03239	100	100	100	100
R03240	73.51351351	77.31092437	82.07171315	80.8988764
R03241	100	100	100	100
R03243	100	100	100	100
R03244	100	100	100	100
R03245	71.89189189	73.94957983	83.26693227	85.39325843
R03254	100	100	100	100
R03256	96.75675676	99.15966387	97.60956175	100
R03260	100	100	100	100
R03269	100	100	100	100
R03270	100	100	100	100
R03275	92.97297297	97.4789916	93.62549801	96.62921348
R03276	97.2972973	95.79831933	98.00796813	98.87640449
R03277	98.37837838	99.15966387	98.80478088	97.19101124
R03283	100	100	100	100
R03291	100	100	100	100
R03293	100	100	100	100
R03299	100	99.15966387	100	98.87640449
R03313	100	100	100	100
R03316	100	98.31932773	99.60159363	98.87640449
R03317	100	100	100	100
R03321	100	100	100	100
R03327	99.45945946	99.15966387	98.00796813	99.43820225
R03332	99.45945946	98.31932773	96.41434263	97.75280899
R03346	100	100	100	100
R03348	100	100	100	100
R03350	100	100	100	100
R03351	100	100	100	100
R03355	100	100	100	100
R03367	100	100	100	100
R03372	99.45945946	99.15966387	99.20318725	99.43820225
R03387	98.37837838	99.15966387	98.80478088	98.31460674
R03391	99.45945946	100	100	100
R03392	99.45945946	100	100	100
R03409	100	100	100	100
R03425	100	100	100	100
R03443	100	100	100	100
R03457	100	100	100	100
R03458	100	100	100	100
R03459	100	100	100	100
R03460	100	100	100	100
R03470	100	100	100	100
R03471	100	100	100	100
R03472	100	100	100	100
R03503	100	100	100	100
R03504	100	100	100	100
R03508	100	100	100	100
R03509	100	100	100	100
R03522	96.75675676	94.11764706	97.21115538	96.06741573
R03527	100	100	100	100
R03530	100	100	100	100
R03531	100	100	100	100
R03537	100	100	100	100
R03538	100	100	100	100
R03542	97.83783784	100	97.60956175	100
R03544	100	100	100	100
R03545	100	100	100	100
R03546	63.24324324	52.10084034	70.11952191	52.80898876
R03576	99.45945946	100	99.60159363	100
R03595	100	100	100	100
R03596	100	100	100	100
R03599	100	100	100	100
R03601	100	100	100	100
R03613	99.45945946	100	97.60956175	100
R03634	100	100	100	100
R03635	100	100	100	100
R03643	100	98.31932773	99.60159363	98.31460674
R03646	100	100	100	100
R03647	97.83783784	100	99.20318725	100
R03648	100	100	100	100
R03650	100	100	100	100
R03651	98.91891892	100	100	100
R03652	100	100	100	100
R03654	100	100	100	100
R03655	100	100	100	100
R03656	100	100	100	100
R03657	100	100	100	100
R03658	100	100	100	100
R03659	100	100	100	100
R03660	100	100	100	100
R03661	100	100	100	100
R03662	100	100	100	100
R03663	100	100	100	100
R03664	100	100	100	100
R03665	100	100	100	100
R03696	42.16216216	36.97478992	40.6374502	41.57303371
R03707	91.35135135	84.87394958	90.03984064	83.14606742
R03751	62.7027027	63.02521008	66.13545817	65.16853933
R03774	89.72972973	80.67226891	88.44621514	87.64044944
R03777	91.35135135	88.23529412	91.23505976	91.57303371
R03778	99.45945946	99.15966387	100	98.87640449
R03789	100	100	100	100
R03813	100	100	100	100
R03815	100	100	100	100
R03816	100	98.31932773	99.60159363	98.31460674
R03857	91.35135135	88.23529412	91.23505976	91.57303371
R03858	99.45945946	99.15966387	100	98.87640449
R03862	65.94594595	68.90756303	72.11155378	67.97752809
R03867	100	100	100	100
R03869	100	100	100	100
R03877	97.2972973	96.63865546	97.21115538	95.50561798
R03893	92.97297297	96.63865546	95.21912351	94.94382022
R03896	100	100	100	100
R03898	100	100	100	100
R03905	100	100	100	100
R03909	100	100	100	100
R03916	100	100	100	100
R03919	94.05405405	97.4789916	96.41434263	95.50561798
R03920	100	100	100	100
R03921	100	100	100	100
R03929	100	100	100	100
R03940	100	100	100	100
R03947	100	100	100	100
R03948	100	100	100	100
R03955	100	100	100	100
R03966	100	100	100	100
R03968	100	100	100	100
R03970	100	100	100	100
R03971	100	100	100	100
R03975	100	100	100	100
R03977	100	100	100	100
R03980	100	100	100	100
R03990	91.35135135	88.23529412	91.23505976	91.57303371
R03991	99.45945946	99.15966387	100	98.87640449
R04000	97.2972973	99.15966387	96.41434263	98.31460674
R04001	100	100	100	100
R04007	94.05405405	97.4789916	96.41434263	95.50561798
R04014	65.94594595	70.58823529	77.29083665	76.40449438
R04018	99.45945946	100	100	100
R04019	100	100	100	100
R04025	72.97297297	85.71428571	72.11155378	87.64044944
R04030	100	100	100	100
R04031	100	99.15966387	100	99.43820225
R04034	99.45945946	99.15966387	99.60159363	99.43820225
R04035	100	100	100	100
R04037	100	100	100	100
R04053	93.51351351	98.31932773	94.82071713	99.43820225
R04065	100	100	100	100
R04076	95.13513514	95.79831933	97.21115538	98.31460674
R04089	76.75675676	75.6302521	83.66533865	82.02247191
R04095	68.64864865	58.82352941	70.51792829	69.1011236
R04109	100	100	100	100
R04111	100	100	100	100
R04112	100	100	100	100
R04125	100	100	100	100
R04132	98.37837838	96.63865546	99.60159363	93.25842697
R04137	100	100	100	100
R04138	60	53.78151261	62.15139442	56.17977528
R04143	98.37837838	98.31932773	96.01593625	100
R04144	100	100	100	100
R04148	100	100	100	100
R04152	100	100	100	100
R04163	99.45945946	99.15966387	98.00796813	99.43820225
R04170	100	100	100	100
R04173	100	100	100	100
R04178	100	97.4789916	100	99.43820225
R04188	100	100	99.60159363	100
R04198	100	100	100	100
R04199	100	100	100	100
R04203	97.2972973	95.79831933	98.00796813	98.87640449
R04204	100	100	100	100
R04208	100	100	100	100
R04210	100	100	100	100
R04212	100	100	100	100
R04215	100	100	100	100
R04218	87.56756757	75.6302521	84.46215139	72.47191011
R04224	100	100	100	100
R04230	100	100	100	100
R04231	100	100	100	100
R04257	61.62162162	54.62184874	65.73705179	67.97752809
R04266	95.13513514	97.4789916	94.42231076	96.06741573
R04286	100	100	100	100
R04292	100	100	100	100
R04300	91.35135135	94.11764706	89.64143426	92.69662921
R04311	92.43243243	99.15966387	94.82071713	100
R04315	100	100	100	100
R04325	100	100	100	100
R04326	100	100	100	100
R04355	100	100	100	100
R04364	48.64864865	60.50420168	59.3625498	66.85393258
R04365	100	100	100	100
R04377	100	100	100	100
R04378	100	100	100	100
R04379	90.27027027	90.75630252	91.23505976	87.64044944
R04382	100	100	99.60159363	100
R04383	100	100	100	100
R04385	100	100	100	100
R04386	100	100	100	100
R04391	100	100	100	100
R04393	89.18918919	98.31932773	96.812749	98.31460674
R04394	100	100	100	100
R04405	100	100	100	100
R04420	100	100	100	100
R04425	95.67567568	84.87394958	94.02390438	88.76404494
R04426	100	100	100	100
R04428	100	100	100	100
R04429	100	100	100	100
R04430	100	100	100	100
R04435	100	100	100	100
R04439	100	100	100	100
R04440	100	100	100	100
R04441	100	100	100	100
R04444	100	100	100	100
R04445	100	100	100	100
R04448	100	100	100	100
R04457	100	100	100	100
R04463	100	100	100	100
R04467	80	86.55462185	90.03984064	92.13483146
R04470	100	100	100	100
R04475	100	100	100	100
R04482	90.27027027	90.75630252	91.23505976	87.64044944
R04486	100	100	100	100
R04487	100	100	100	100
R04506	100	100	100	100
R04509	100	100	100	100
R04519	100	100	100	100
R04533	100	100	100	100
R04534	100	100	100	100
R04535	100	100	100	100
R04536	100	100	100	100
R04537	100	100	100	100
R04540	98.37837838	100	99.60159363	100
R04543	100	100	100	100
R04544	100	100	100	100
R04546	99.45945946	99.15966387	100	98.87640449
R04547	100	100	100	100
R04549	100	100	100	100
R04550	100	100	100	100
R04558	100	100	100	100
R04559	100	100	100	100
R04560	100	100	100	100
R04566	100	100	100	100
R04567	100	100	100	100
R04568	100	100	100	100
R04573	100	100	100	100
R04587	100	100	100	100
R04591	100	100	100	100
R04592	100	100	100	100
R04594	100	100	100	100
R04606	100	100	100	100
R04617	100	100	100	100
R04620	100	100	100	100
R04638	98.37837838	93.27731092	96.812749	95.50561798
R04639	100	100	100	100
R04640	100	100	100	100
R04657	100	100	100	100
R04658	100	100	100	100
R04666	100	100	100	100
R04672	100	100	100	100
R04673	100	100	100	100
R04674	72.97297297	85.71428571	72.11155378	87.64044944
R04678	99.45945946	99.15966387	98.00796813	99.43820225
R04710	100	100	100	100
R04724	100	100	100	100
R04725	100	100	100	100
R04726	100	100	100	100
R04734	69.18918919	68.90756303	73.70517928	68.53932584
R04737	97.2972973	97.4789916	98.4063745	98.87640449
R04738	100	100	100	100
R04739	97.2972973	97.4789916	98.4063745	98.87640449
R04740	100	100	100	100
R04741	97.2972973	97.4789916	98.4063745	98.87640449
R04742	99.45945946	99.15966387	100	98.87640449
R04743	57.2972973	43.69747899	66.13545817	52.24719101
R04744	100	100	100	100
R04745	97.2972973	97.4789916	98.4063745	98.87640449
R04746	100	100	100	100
R04747	99.45945946	99.15966387	100	98.87640449
R04748	97.2972973	97.4789916	98.4063745	98.87640449
R04749	100	100	100	100
R04751	100	100	100	100
R04754	91.35135135	88.23529412	91.23505976	91.57303371
R04770	100	100	100	100
R04771	100	100	100	100
R04773	100	100	100	100
R04779	100	100	100	100
R04780	100	100	100	100
R04783	100	100	100	100
R04805	100	100	100	100
R04849	99.45945946	99.15966387	98.00796813	99.43820225
R04856	100	100	100	100
R04858	100	100	100	100
R04859	100	100	100	100
R04864	98.91891892	97.4789916	99.20318725	97.75280899
R04880	100	100	100	100
R04890	72.97297297	85.71428571	72.11155378	87.64044944
R04893	72.97297297	85.71428571	72.11155378	87.64044944
R04894	72.97297297	85.71428571	72.11155378	87.64044944
R04903	100	100	100	100
R04907	72.97297297	85.71428571	72.11155378	87.64044944
R04908	72.97297297	85.71428571	72.11155378	87.64044944
R04911	100	100	100	100
R04927	96.21621622	100	97.60956175	100
R04928	100	100	100	100
R04929	100	100	100	100
R04930	91.35135135	87.39495798	88.04780876	93.25842697
R04935	100	100	100	100
R04936	100	100	100	100
R04939	100	100	100	100
R04941	100	100	100	100
R04942	68.10810811	83.19327731	74.10358566	78.65168539
R04944	100	100	100	100
R04945	100	100	100	100
R04946	100	100	100	100
R04949	100	100	100	100
R04951	100	100	100	100
R04952	100	100	100	100
R04953	100	100	100	100
R04954	100	100	100	100
R04955	100	100	100	100
R04956	100	100	100	100
R04957	100	100	100	100
R04958	100	100	100	100
R04959	100	100	100	100
R04960	100	100	100	100
R04961	100	100	100	100
R04962	100	100	100	100
R04963	100	100	100	100
R04964	100	100	100	100
R04965	100	100	100	100
R04966	100	100	100	100
R04967	100	100	100	100
R04968	100	100	100	100
R04969	100	100	100	100
R04970	100	100	100	100
R04972	100	100	100	100
R04979	100	100	100	100
R04985	100	100	100	100
R04986	100	100	100	100
R04988	98.91891892	96.63865546	97.21115538	96.62921348
R04990	100	100	100	100
R04993	100	100	100	100
R04998	100	100	100	100
R05000	100	100	100	100
R05032	100	100	100	100
R05046	100	100	100	100
R05048	100	100	100	100
R05050	100	100	100	100
R05051	100	100	100	100
R05052	100	100	100	100
R05053	100	100	100	100
R05066	100	100	100	100
R05068	100	100	100	100
R05069	100	100	100	100
R05070	100	100	100	100
R05071	100	100	100	100
R05074	100	100	100	100
R05085	100	100	100	100
R05086	100	100	100	100
R05132	100	100	100	100
R05133	100	100	100	100
R05134	100	100	100	100
R05135	100	100	100	100
R05140	32.43243243	42.85714286	32.66932271	39.3258427
R05145	100	100	100	100
R05146	100	100	100	100
R05149	100	100	100	100
R05150	100	100	100	100
R05176	100	100	100	100
R05177	100	100	100	100
R05180	100	100	100	100
R05181	100	100	100	100
R05185	100	100	99.60159363	100
R05196	100	100	100	100
R05199	100	100	100	100
R05220	100	100	100	100
R05221	100	100	100	100
R05222	100	100	100	100
R05223	100	100	100	100
R05224	100	100	100	100
R05225	100	100	100	100
R05227	100	100	100	100
R05231	93.51351351	100	95.61752988	99.43820225
R05233	100	100	100	100
R05234	100	100	100	100
R05237	100	100	100	100
R05238	100	100	100	100
R05286	100	100	100	100
R05287	100	100	100	100
R05295	76.75675676	75.6302521	83.66533865	82.02247191
R05305	97.2972973	97.4789916	98.4063745	98.87640449
R05332	100	100	100	100
R05338	96.75675676	100	94.82071713	100
R05339	100	100	99.20318725	100
R05389	100	100	100	100
R05404	76.75675676	75.6302521	83.66533865	82.02247191
R05406	76.75675676	75.6302521	83.66533865	82.02247191
R05496	100	100	99.60159363	100
R05506	99.45945946	99.15966387	100	98.87640449
R05508	100	100	99.60159363	100
R05509	97.2972973	99.15966387	96.41434263	98.31460674
R05510	92.97297297	96.63865546	95.21912351	94.94382022
R05511	92.97297297	96.63865546	95.21912351	94.94382022
R05549	100	100	100	100
R05551	100	100	100	100
R05553	100	100	100	100
R05554	99.45945946	100	98.4063745	100
R05559	100	100	98.80478088	100
R05570	100	100	100	100
R05571	99.45945946	100	100	99.43820225
R05576	100	100	100	100
R05577	100	100	100	100
R05578	100	100	100	100
R05582	76.75675676	73.94957983	77.29083665	87.07865169
R05586	99.45945946	99.15966387	100	98.87640449
R05590	100	100	100	100
R05591	97.83783784	100	97.60956175	100
R05595	100	100	100	100
R05605	100	100	100	100
R05606	100	100	100	100
R05607	97.83783784	100	98.80478088	100
R05608	97.83783784	99.15966387	98.4063745	98.87640449
R05614	98.91891892	96.63865546	97.21115538	96.62921348
R05615	100	100	100	100
R05617	100	100	100	100
R05624	100	100	100	100
R05627	100	100	100	100
R05629	100	100	100	100
R05630	100	100	100	100
R05633	100	100	100	100
R05634	100	100	100	100
R05636	100	100	100	100
R05637	100	100	100	100
R05644	100	100	100	100
R05645	100	100	100	100
R05646	100	100	100	100
R05647	100	100	100	100
R05659	100	100	100	100
R05661	100	100	100	100
R05662	100	100	100	100
R05679	96.75675676	100	98.80478088	100
R05680	96.75675676	100	98.80478088	100
R05681	100	100	100	100
R05688	100	100	100	100
R05692	100	100	100	100
R05706	91.35135135	92.43697479	94.42231076	92.13483146
R05712	100	100	100	100
R05789	90.81081081	93.27731092	91.23505976	94.38202247
R05805	95.67567568	98.31932773	95.21912351	100
R05807	100	100	100	100
R05808	100	100	100	100
R05809	100	100	100	100
R05810	100	100	100	100
R05812	100	100	100	100
R05813	98.91891892	100	99.60159363	99.43820225
R05814	100	100	100	100
R05815	100	100	100	100
R05820	100	100	100	100
R05835	100	100	100	100
R05837	100	100	100	100
R05838	100	100	100	100
R05850	100	100	100	100
R05884	100	100	100	100
R05961	100	100	100	100
R05963	100	100	100	100
R05978	87.56756757	93.27731092	87.64940239	91.01123596
R05986	90.81081081	98.31932773	91.63346614	97.19101124
R06004	100	100	100	100
R06066	15.13513514	27.73109244	23.10756972	22.47191011
R06087	100	100	100	100
R06088	100	100	100	100
R06091	100	100	100	100
R06113	100	100	100	100
R06114	100	100	100	100
R06169	87.56756757	93.27731092	87.64940239	91.01123596
R06171	100	100	100	100
R06180	100	100	100	100
R06199	100	100	99.60159363	100
R06200	100	100	100	100
R06211	100	100	100	100
R06240	99.45945946	99.15966387	99.20318725	100
R06265	88.10810811	94.95798319	84.86055777	95.50561798
R06266	88.10810811	94.95798319	84.86055777	95.50561798
R06267	88.10810811	94.95798319	84.86055777	95.50561798
R06268	92.97297297	96.63865546	94.42231076	96.06741573
R06269	92.97297297	96.63865546	94.42231076	96.06741573
R06270	92.97297297	96.63865546	94.42231076	96.06741573
R06361	99.45945946	100	99.60159363	100
R06363	100	100	100	100
R06366	100	100	100	100
R06401	61.62162162	54.62184874	65.73705179	67.97752809
R06404	61.62162162	54.62184874	65.73705179	67.97752809
R06411	100	100	100	100
R06412	100	100	100	100
R06447	100	100	100	100
R06513	100	100	100	100
R06514	100	100	100	100
R06529	100	100	100	100
R06530	100	100	100	100
R06558	100	100	100	100
R06578	91.35135135	87.39495798	88.44621514	91.57303371
R06590	100	100	100	100
R06601	99.45945946	98.31932773	98.80478088	99.43820225
R06602	90.81081081	93.27731092	91.23505976	88.76404494
R06613	98.37837838	100	98.80478088	100
R06620	91.35135135	90.75630252	91.63346614	91.01123596
R06782	77.83783784	63.02521008	79.28286853	66.29213483
R06783	77.83783784	63.02521008	79.28286853	66.29213483
R06835	92.97297297	96.63865546	95.21912351	94.94382022
R06836	92.97297297	94.11764706	95.21912351	94.94382022
R06838	92.97297297	96.63865546	95.21912351	94.94382022
R06846	95.67567568	96.63865546	94.82071713	94.94382022
R06847	95.67567568	96.63865546	94.82071713	94.94382022
R06858	100	100	100	100
R06859	100	100	100	100
R06894	100	100	100	100
R06895	100	100	100	100
R06897	98.37837838	96.63865546	99.60159363	93.25842697
R06917	100	100	100	100
R06927	100	100	100	100
R06941	100	100	100	100
R06942	100	100	100	100
R06943	82.16216216	79.83193277	82.8685259	79.21348315
R06966	100	100	98.80478088	100
R06983	99.45945946	100	100	100
R06987	100	100	100	100
R07002	96.75675676	94.11764706	97.21115538	96.06741573
R07003	96.75675676	94.11764706	97.21115538	96.06741573
R07004	96.75675676	94.11764706	97.21115538	96.06741573
R07023	96.75675676	94.11764706	97.21115538	96.06741573
R07024	96.75675676	94.11764706	97.21115538	96.06741573
R07025	96.75675676	94.11764706	97.21115538	96.06741573
R07026	96.75675676	94.11764706	97.21115538	96.06741573
R07034	100	100	100	100
R07035	100	100	100	100
R07064	99.45945946	99.15966387	99.60159363	99.43820225
R07069	96.75675676	94.11764706	97.21115538	96.06741573
R07070	96.75675676	94.11764706	97.21115538	96.06741573
R07083	96.75675676	94.11764706	97.21115538	96.06741573
R07084	96.75675676	94.11764706	97.21115538	96.06741573
R07091	96.75675676	94.11764706	97.21115538	96.06741573
R07092	96.75675676	94.11764706	97.21115538	96.06741573
R07093	96.75675676	94.11764706	97.21115538	96.06741573
R07094	96.75675676	94.11764706	97.21115538	96.06741573
R07100	96.75675676	94.11764706	97.21115538	96.06741573
R07105	100	100	100	100
R07113	96.75675676	94.11764706	97.21115538	96.06741573
R07116	96.75675676	94.11764706	97.21115538	96.06741573
R07125	88.64864865	84.03361345	91.63346614	87.07865169
R07127	100	100	100	100
R07136	100	100	100	100
R07157	100	100	100	100
R07163	98.91891892	98.31932773	96.01593625	98.87640449
R07168	100	100	100	100
R07210	94.05405405	94.11764706	95.61752988	94.94382022
R07229	100	100	100	100
R07232	100	100	99.60159363	100
R07233	100	100	100	100
R07234	100	100	100	100
R07263	100	100	100	100
R07268	100	100	100	100
R07270	87.56756757	75.6302521	84.46215139	72.47191011
R07281	100	100	100	100
R07302	100	100	100	100
R07324	99.45945946	100	99.20318725	100
R07379	99.45945946	99.15966387	99.60159363	99.43820225
R07381	44.86486486	43.69747899	54.58167331	52.80898876
R07387	99.45945946	99.15966387	99.60159363	99.43820225
R07390	100	100	100	100
R07393	78.37837838	84.03361345	74.50199203	85.95505618
R07396	100	100	100	100
R07399	97.83783784	99.15966387	98.80478088	98.87640449
R07404	100	100	100	100
R07405	100	100	100	100
R07406	100	100	100	100
R07407	100	100	99.60159363	100
R07410	100	100	99.60159363	100
R07411	93.51351351	95.79831933	95.61752988	96.62921348
R07412	70.81081081	68.06722689	76.09561753	69.1011236
R07415	97.2972973	90.75630252	96.01593625	91.01123596
R07443	94.05405405	97.4789916	96.41434263	95.50561798
R07456	100	100	99.60159363	100
R07459	100	100	100	100
R07460	100	100	100	100
R07461	100	100	100	100
R07463	74.05405405	52.94117647	71.71314741	58.42696629
R07599	98.91891892	100	99.60159363	98.87640449
R07600	98.91891892	100	99.60159363	98.87640449
R07601	98.91891892	100	99.60159363	98.87640449
R07602	98.91891892	100	99.60159363	98.87640449
R07603	98.91891892	100	99.60159363	98.87640449
R07604	98.91891892	100	99.60159363	98.87640449
R07605	100	100	100	100
R07613	100	100	100	100
R07618	100	100	100	100
R07639	97.2972973	92.43697479	96.812749	94.94382022
R07644	89.72972973	87.39495798	88.04780876	82.58426966
R07653	67.02702703	52.94117647	62.94820717	53.93258427
R07656	82.16216216	95.79831933	84.86055777	97.75280899
R07661	100	100	100	100
R07671	100	100	100	100
R07677	100	100	100	100
R07759	100	100	100	100
R07762	100	100	100	100
R07763	100	100	100	100
R07764	100	100	100	100
R07765	100	100	100	100
R07766	100	100	100	100
R07767	100	100	100	100
R07768	100	100	100	100
R07769	100	100	100	100
R07770	100	100	100	100
R07771	100	100	100	100
R07772	100	100	100	100
R07773	100	100	100	100
R07774	98.91891892	100	99.60159363	99.43820225
R07775	98.91891892	100	99.60159363	98.31460674
R07795	76.75675676	75.6302521	83.66533865	82.02247191
R07796	43.78378378	34.45378151	32.66932271	33.14606742
R07808	40.54054054	62.18487395	45.41832669	67.97752809
R07809	100	100	100	100
R07810	100	100	100	100
R07816	99.45945946	99.15966387	99.60159363	99.43820225
R07818	100	100	100	100
R07819	40.54054054	62.18487395	45.41832669	67.97752809
R07824	99.45945946	100	99.20318725	99.43820225
R07825	99.45945946	100	99.20318725	99.43820225
R07832	98.91891892	100	98.80478088	97.75280899
R07855	97.83783784	100	97.60956175	100
R07859	99.45945946	99.15966387	99.60159363	99.43820225
R07860	99.45945946	99.15966387	99.60159363	99.43820225
R07891	99.45945946	99.15966387	100	98.87640449
R07895	99.45945946	99.15966387	100	98.87640449
R07899	99.45945946	99.15966387	100	98.87640449
R07935	97.2972973	95.79831933	98.00796813	98.87640449
R07951	97.2972973	95.79831933	98.00796813	98.87640449
R08014	99.45945946	100	99.60159363	100
R08017	99.45945946	100	99.60159363	100
R08034	100	100	100	100
R08042	99.45945946	100	99.60159363	100
R08056	100	100	100	100
R08060	93.51351351	99.15966387	95.61752988	99.43820225
R08090	94.05405405	93.27731092	94.02390438	94.94382022
R08091	99.45945946	99.15966387	100	98.87640449
R08092	100	100	100	100
R08093	100	100	100	100
R08094	97.2972973	95.79831933	98.00796813	98.87640449
R08095	99.45945946	99.15966387	100	98.87640449
R08120	92.97297297	96.63865546	95.21912351	94.94382022
R08121	92.97297297	96.63865546	95.21912351	94.94382022
R08124	97.83783784	100	98.80478088	100
R08127	100	100	100	100
R08146	100	100	100	100
R08157	65.94594595	70.58823529	77.29083665	76.40449438
R08158	65.94594595	70.58823529	77.29083665	76.40449438
R08165	100	100	100	100
R08166	98.37837838	94.95798319	99.20318725	97.19101124
R08210	100	100	100	100
R08218	100	100	100	100
R08219	100	100	100	100
R08220	100	100	100	100
R08221	100	100	100	100
R08222	87.56756757	83.19327731	89.64143426	87.64044944
R08227	100	100	100	100
R08229	100	100	100	100
R08230	87.56756757	83.19327731	89.64143426	87.64044944
R08232	100	100	100	100
R08233	100	100	100	100
R08236	43.78378378	56.30252101	48.20717131	52.24719101
R08237	100	100	100	100
R08238	100	100	100	100
R08239	43.78378378	56.30252101	48.20717131	52.24719101
R08240	100	100	100	100
R08244	100	100	100	100
R08245	100	100	100	100
R08246	43.78378378	56.30252101	48.20717131	52.24719101
R08247	100	100	100	100
R08255	100	100	100	100
R08258	100	100	100	100
R08260	100	100	100	100
R08280	96.75675676	94.11764706	97.21115538	96.06741573
R08281	100	100	100	100
R08306	100	100	100	100
R08310	100	100	100	100
R08346	72.97297297	85.71428571	72.11155378	87.64044944
R08347	72.97297297	85.71428571	72.11155378	87.64044944
R08348	72.97297297	85.71428571	72.11155378	87.64044944
R08359	100	100	100	100
R08365	90.27027027	98.31932773	90.03984064	89.3258427
R08366	100	100	100	100
R08367	100	100	100	100
R08368	100	100	100	100
R08433	97.2972973	100	96.812749	100
R08503	100	100	100	100
R08549	100	100	100	100
R08553	96.21621622	100	97.60956175	100
R08555	100	100	100	100
R08557	11.35135135	27.73109244	14.34262948	21.91011236
R08558	11.35135135	27.73109244	14.34262948	21.91011236
R08559	100	100	100	100
R08571	94.59459459	98.31932773	91.63346614	97.75280899
R08572	100	100	100	100
R08603	100	100	100	100
R08618	88.10810811	84.87394958	88.84462151	87.07865169
R08620	100	100	100	100
R08624	100	100	100	100
R08628	100	100	100	100
R08634	100	100	100	100
R08639	100	100	100	100
R08641	100	100	100	100
R08645	100	100	100	100
R08648	100	100	100	100
R08689	100	100	100	100
R08693	100	100	100	100
R08700	100	100	100	100
R08701	100	100	100	100
R08734	91.89189189	94.11764706	89.24302789	94.94382022
R08739	91.89189189	94.11764706	89.24302789	94.94382022
R08769	98.91891892	96.63865546	97.21115538	96.62921348
R08774	100	100	100	100
R08775	89.72972973	84.87394958	91.63346614	89.3258427
R08777	25.94594595	45.37815126	41.03585657	59.5505618
R08779	49.72972973	70.58823529	71.71314741	79.21348315
R08780	52.97297297	66.38655462	61.35458167	71.91011236
R08781	98.91891892	96.63865546	97.21115538	96.62921348
R08871	100	100	100	100
R08878	100	100	99.60159363	100
R08937	98.37837838	99.15966387	98.80478088	98.87640449
R08938	100	100	100	100
R08944	58.37837838	42.85714286	56.1752988	38.76404494
R08954	97.2972973	99.15966387	98.4063745	98.31460674
R08968	96.75675676	93.27731092	94.42231076	93.82022472
R09009	100	100	100	100
R09030	100	100	100	100
R09078	91.35135135	84.87394958	90.03984064	83.14606742
R09081	100	100	100	100
R09082	100	100	100	100
R09084	95.67567568	98.31932773	95.21912351	100
R09085	95.67567568	98.31932773	95.21912351	100
R09086	95.67567568	98.31932773	95.21912351	100
R09092	98.37837838	100	99.60159363	100
R09096	89.18918919	98.31932773	87.64940239	100
R09097	100	100	100	100
R09099	100	100	100	100
R09107	100	100	100	100
R09124	75.67567568	94.95798319	80.87649402	95.50561798
R09136	92.97297297	96.63865546	95.21912351	94.94382022
R09220	92.97297297	96.63865546	95.21912351	94.94382022
R09222	92.97297297	96.63865546	95.21912351	94.94382022
R09247	100	100	100	100
R09248	100	100	100	100
R09289	89.18918919	79.83193277	86.05577689	82.58426966
R09365	100	100	100	100
R09366	91.35135135	87.39495798	88.04780876	93.25842697
R09372	100	100	100	100
R09380	100	100	100	100
R09381	100	100	100	100
R09382	100	100	100	100
R09383	100	100	100	100
R09384	100	100	100	100
R09386	100	100	100	100
R09394	100	100	100	100
R09395	100	100	100	100
R09399	77.83783784	83.19327731	78.48605578	78.65168539
R09400	77.83783784	83.19327731	78.48605578	78.65168539
R09409	96.75675676	94.11764706	97.21115538	96.06741573
R09489	100	100	100	100
R09493	95.67567568	94.11764706	96.01593625	95.50561798
R09497	100	97.4789916	98.80478088	97.19101124
R09501	100	100	100	100
R09543	100	100	100	100
R09597	100	100	100	100
R09600	85.40540541	90.75630252	81.2749004	86.51685393
R09660	100	100	100	100
R09675	100	100	100	100
R09690	67.02702703	52.94117647	62.94820717	53.93258427
R09719	67.02702703	52.94117647	62.94820717	53.93258427
R09722	37.83783784	42.01680672	37.84860558	47.75280899
R09725	100	100	100	100
R09726	99.45945946	96.63865546	98.00796813	96.62921348
R09735	100	100	100	100
R09736	100	100	100	100
R09744	67.02702703	52.94117647	62.94820717	53.93258427
R09745	67.02702703	52.94117647	62.94820717	53.93258427
R09746	67.02702703	52.94117647	62.94820717	53.93258427
R09763	100	100	100	100
R09768	100	100	100	100
R09769	100	100	100	100
R09770	98.91891892	100	98.80478088	100
R09771	100	100	100	100
R09780	100	100	99.20318725	100
R09820	80.54054054	71.42857143	81.67330677	63.48314607
R09836	80.54054054	71.42857143	81.67330677	63.48314607
R09840	100	100	100	100
R09845	97.83783784	97.4789916	96.812749	98.87640449
R09947	89.18918919	93.27731092	89.64143426	84.83146067
R09951	100	100	100	100
R09952	87.56756757	96.63865546	91.63346614	97.19101124
R09955	99.45945946	99.15966387	98.00796813	99.43820225
R09959	100	100	100	100
R09978	100	100	100	100
R09979	96.75675676	99.15966387	96.01593625	99.43820225
R09980	89.18918919	93.27731092	89.64143426	84.83146067
R09983	86.48648649	87.39495798	89.24302789	86.51685393
R09993	100	100	100	100
R09995	53.51351351	38.65546218	56.1752988	42.69662921
R10002	100	100	100	100
R10016	71.89189189	90.75630252	76.4940239	89.3258427
R10035	100	100	100	100
R10039	100	100	100	100
R10040	100	100	100	100
R10052	100	100	100	100
R10068	88.10810811	94.95798319	84.86055777	95.50561798
R10074	56.75675676	49.57983193	64.94023904	57.30337079
R10079	63.24324324	52.10084034	70.11952191	52.80898876
R10086	100	100	100	100
R10092	100	100	100	100
R10115	100	100	100	100
R10116	100	100	100	100
R10117	100	100	100	100
R10118	100	100	100	100
R10119	100	100	100	100
R10120	100	100	100	100
R10121	100	100	100	100
R10122	100	100	100	100
R10124	100	100	100	100
R10140	97.2972973	98.31932773	96.01593625	98.31460674
R10146	99.45945946	100	98.80478088	99.43820225
R10147	100	100	100	100
R10149	96.75675676	98.31932773	96.41434263	97.19101124
R10150	89.18918919	80.67226891	84.46215139	73.03370787
R10159	100	100	100	100
R10170	100	100	100	100
R10177	87.56756757	75.6302521	84.46215139	72.47191011
R10185	98.37837838	98.31932773	98.00796813	99.43820225
R10186	98.37837838	98.31932773	98.00796813	100
R10204	96.75675676	97.4789916	96.812749	98.31460674
R10205	100	100	100	100
R10206	94.05405405	94.11764706	95.61752988	94.94382022
R10209	100	100	100	100
R10219	89.18918919	98.31932773	87.64940239	100
R10221	100	100	100	100
R10223	97.2972973	91.59663866	96.01593625	93.25842697
R10242	97.2972973	99.15966387	98.4063745	98.31460674
R10243	97.2972973	100	96.812749	100
R10244	100	100	100	100
R10246	100	100	100	100
R10247	100	100	100	100
R10463	100	100	100	100
R10468	99.45945946	97.4789916	100	99.43820225
R10486	100	100	100	100
R10505	91.35135135	84.87394958	90.03984064	83.14606742
R10507	85.40540541	87.39495798	80.47808765	85.39325843
R10510	99.45945946	97.4789916	100	99.43820225
R10551	79.45945946	76.47058824	80.87649402	78.65168539
R10619	100	100	100	100
R10643	80	79.83193277	83.66533865	76.40449438
R10644	80	79.83193277	83.66533865	76.40449438
R10645	100	100	100	100
R10646	100	100	100	100
R10647	100	100	100	100
R10648	100	100	100	100
R10652	100	100	100	100
R10685	77.2972973	84.03361345	64.54183267	79.7752809
R10689	97.2972973	99.15966387	94.82071713	95.50561798
R10700	42.7027027	70.58823529	54.18326693	69.66292135
R10706	100	100	100	100
R10707	100	100	100	100
R10712	100	100	100	100
R10715	100	100	100	100
R10716	100	100	100	100
R10717	100	100	100	100
R10757	100	100	100	100
R10764	100	100	100	100
R10776	100	100	100	100
R10782	98.91891892	100	98.80478088	100
R10806	100	100	100	100
R10816	99.45945946	98.31932773	98.00796813	98.31460674
R10819	100	100	100	100
R10830	100	100	100	100
R10831	100	100	100	100
R10845	100	100	100	100
R10848	99.45945946	100	99.60159363	100
R10859	100	100	100	100
R10865	52.43243243	76.47058824	72.90836653	82.58426966
R10866	100	100	100	100
R10905	99.45945946	100	99.20318725	99.43820225
R10907	100	100	100	100
R10908	93.51351351	98.31932773	96.01593625	99.43820225
R10948	100	100	100	100
R10949	100	100	100	100
R10991	100	100	100	100
R10993	100	100	100	100
R10994	95.67567568	89.91596639	94.82071713	91.01123596
R10996	98.91891892	100	99.60159363	98.87640449
R10997	98.91891892	100	99.60159363	98.87640449
R11021	98.91891892	94.11764706	98.00796813	96.06741573
R11024	96.75675676	93.27731092	94.42231076	93.82022472
R11025	29.18918919	40.33613445	32.27091633	35.95505618
R11062	84.32432432	78.99159664	86.05577689	85.95505618
R11098	99.45945946	100	100	100
R11099	99.45945946	100	100	100
R11104	100	100	100	100
R11143	100	100	100	100
R11169	70.27027027	56.30252101	73.70517928	55.61797753
R11170	100	100	100	100
R11172	100	100	100	100
R11173	100	100	100	100
R11174	100	100	100	100
R11183	91.89189189	85.71428571	90.43824701	84.26966292
R11188	100	100	100	100
R11207	52.97297297	77.31092437	64.94023904	76.96629213
R11225	100	100	100	100
R11262	100	100	100	100
R11264	100	100	99.60159363	100
R11307	100	100	100	100
R11308	100	100	100	100
R11310	100	100	100	100
R11311	100	100	100	100
R11316	100	100	100	100
R11319	100	100	100	100
R11325	100	100	100	100
R11329	100	100	100	100
R11354	72.97297297	85.71428571	72.11155378	87.64044944
R11372	100	100	100	100
R11396	100	100	100	100
R11443	100	100	100	100
R11444	100	100	100	100
R11479	88.10810811	87.39495798	88.44621514	84.83146067
R11528	100	100	100	100
R11529	100	100	100	100
R11555	99.45945946	100	100	98.31460674
R11556	99.45945946	100	100	98.31460674
R11557	99.45945946	100	100	98.31460674
R11581	100	100	100	100
R11582	100	100	100	100
R11591	95.13513514	84.03361345	93.22709163	85.39325843
R11626	49.18918919	55.46218487	55.77689243	56.17977528
R11627	100	100	100	100
R11671	100	100	100	100
